0 10 20 30 40 50 60 70 80 90 100 

90 100 110 120 130 140 150 160 170 180 190 

80 90 100 120 140 150 160 170 180 190 210 

170 180 190 202 214 226 238 250 262 274 286 

16777215 16777215 16777215 16777215 16777215 16777215 16777215 16777215 16777215 16777215 16777215 

Case 1:
170
90 100 110 120 130 140 150 160 170 180 190 200 210 220 230 240 250 260 270 280 290 

0 10 20 30 40 50 60 70 80 90 100 110 120 130 140 150 160 170 180 190 200 

10 20 30 40 50 60 70 80 90 100 110 120 130 140 150 160 170 180 190 200 220 

80 90 100 110 120 130 140 150 160 170 180 190 200 212 224 236 248 260 272 284 296 

16777215 16777215 16777215 16777215 16777215 16777215 16777215 16777215 16777215 16777215 16777215 16777215 16777215 16777215 16777215 16777215 16777215 16777215 16777215 16777215 16777215 

impossible
