0 1 0 1 
0 0 1 0 
1 0 1 0 
1 0 1 1 
res: 5 4
res: 1
0 1 0 1 
0 0 1 0 
1 0 1 0 
1 1 0 1 
res: 4 3
res: 1
0 1 0 1 
0 0 1 0 
1 0 1 0 
0 1 1 1 
res: 4 5
res: -1
0 1 0 1 
0 0 1 0 
1 0 1 0 
1 1 0 1 
res: 4 3
res: 1
0 1 0 1 
0 0 1 0 
1 0 1 0 
0 1 1 1 
res: 4 5
res: -1
0 1 0 1 
0 0 1 0 
1 0 1 0 
1 0 1 1 
res: 5 4
res: 1
0 1 0 1 
0 0 1 0 
1 0 1 1 
0 0 1 1 
res: 6 5
res: 1
0 1 0 1 
0 0 1 0 
1 0 1 1 
0 1 0 1 
res: 4 4
res: 0
0 1 0 1 
0 0 1 0 
1 0 1 1 
1 0 0 1 
res: 6 4
res: 2
0 1 0 1 
0 0 1 0 
1 0 1 1 
1 0 0 1 
res: 6 4
res: 2
0 1 0 1 
0 0 1 0 
1 0 1 1 
0 0 1 1 
res: 6 5
res: 1
0 1 0 1 
0 0 1 0 
1 0 1 1 
0 1 0 1 
res: 4 4
res: 0
0 1 0 1 
0 0 1 0 
1 0 1 0 
1 1 0 1 
res: 4 3
res: 1
0 1 0 1 
0 0 1 0 
1 0 1 1 
0 1 0 1 
res: 4 4
res: 0
0 1 0 1 
0 0 1 0 
0 0 1 1 
1 0 1 1 
res: 6 5
res: 1
0 1 0 1 
0 0 1 0 
0 0 1 1 
1 1 0 1 
res: 5 4
res: 1
0 1 0 1 
0 0 1 0 
0 0 1 1 
0 1 1 1 
res: 6 6
res: 0
0 1 0 1 
0 0 1 0 
0 0 1 1 
1 1 0 1 
res: 5 4
res: 1
0 1 0 1 
0 0 1 0 
0 0 1 1 
0 1 1 1 
res: 6 6
res: 0
0 1 0 1 
0 0 1 0 
0 0 1 1 
1 0 1 1 
res: 6 5
res: 1
0 1 0 1 
0 0 1 0 
0 0 1 0 
1 1 1 1 
res: 5 6
res: -1
0 1 0 1 
0 0 1 0 
0 0 1 1 
1 1 0 1 
res: 5 4
res: 1
0 1 0 1 
0 0 1 0 
0 0 1 0 
1 1 1 1 
res: 5 6
res: -1
0 1 0 1 
0 0 1 0 
0 0 1 1 
1 0 1 1 
res: 6 5
res: 1
0 1 0 1 
0 0 1 0 
0 0 1 0 
1 1 1 1 
res: 5 6
res: -1
0 1 0 1 
0 0 1 0 
0 0 1 1 
0 1 1 1 
res: 6 6
res: 0
0 1 0 1 
0 0 1 0 
1 0 1 0 
1 1 0 1 
res: 4 3
res: 1
0 1 0 1 
0 0 1 0 
1 0 1 0 
0 1 1 1 
res: 4 5
res: -1
0 1 0 1 
0 0 1 0 
1 0 1 1 
0 1 0 1 
res: 4 4
res: 0
0 1 0 1 
0 0 1 0 
1 0 1 0 
1 0 1 1 
res: 5 4
res: 1
0 1 0 1 
0 0 1 0 
1 0 1 1 
0 0 1 1 
res: 6 5
res: 1
0 1 0 1 
0 0 1 0 
1 0 1 1 
0 0 1 1 
res: 6 5
res: 1
0 1 0 1 
0 0 1 0 
1 0 1 0 
0 1 1 1 
res: 4 5
res: -1
0 1 0 1 
0 0 1 1 
0 0 1 0 
1 0 1 1 
res: 6 6
res: 0
0 1 0 1 
0 0 1 1 
0 0 1 0 
1 1 0 1 
res: 5 4
res: 1
0 1 0 1 
0 0 1 1 
0 0 1 0 
0 1 1 1 
res: 6 7
res: -1
0 1 0 1 
0 0 1 1 
0 0 1 0 
1 1 0 1 
res: 5 4
res: 1
0 1 0 1 
0 0 1 1 
0 0 1 0 
0 1 1 1 
res: 6 7
res: -1
0 1 0 1 
0 0 1 1 
0 0 1 0 
1 0 1 1 
res: 6 6
res: 0
0 1 0 1 
0 0 1 1 
0 0 1 1 
0 0 1 1 
res: 7 7
res: 0
0 1 0 1 
0 0 1 1 
0 0 1 1 
0 1 0 1 
res: 6 6
res: 0
0 1 0 1 
0 0 1 1 
0 0 1 1 
1 0 0 1 
res: 7 6
res: 1
0 1 0 1 
0 0 1 1 
0 0 1 1 
1 0 0 1 
res: 7 6
res: 1
0 1 0 1 
0 0 1 1 
0 0 1 1 
0 0 1 1 
res: 7 7
res: 0
0 1 0 1 
0 0 1 1 
0 0 1 1 
0 1 0 1 
res: 6 6
res: 0
0 1 0 1 
0 0 1 1 
1 0 1 0 
0 0 1 1 
res: 6 6
res: 0
0 1 0 1 
0 0 1 1 
1 0 1 0 
0 1 0 1 
res: 4 4
res: 0
0 1 0 1 
0 0 1 1 
1 0 1 0 
1 0 0 1 
res: 6 4
res: 2
0 1 0 1 
0 0 1 1 
1 0 1 0 
1 0 0 1 
res: 6 4
res: 2
0 1 0 1 
0 0 1 1 
1 0 1 0 
0 0 1 1 
res: 6 6
res: 0
0 1 0 1 
0 0 1 1 
1 0 1 0 
0 1 0 1 
res: 4 4
res: 0
0 1 0 1 
0 0 1 1 
1 0 1 0 
0 1 0 1 
res: 4 4
res: 0
0 1 0 1 
0 0 1 1 
0 0 1 1 
0 1 0 1 
res: 6 6
res: 0
0 1 0 1 
0 0 1 1 
0 0 1 1 
0 0 1 1 
res: 7 7
res: 0
0 1 0 1 
0 0 1 1 
1 0 1 1 
0 0 0 1 
res: 7 6
res: 1
0 1 0 1 
0 0 1 1 
1 0 1 1 
0 0 0 1 
res: 7 6
res: 1
0 1 0 1 
0 0 1 1 
1 0 1 0 
0 0 1 1 
res: 6 6
res: 0
0 1 0 1 
0 0 1 1 
1 0 1 0 
0 1 0 1 
res: 4 4
res: 0
0 1 0 1 
0 0 0 1 
1 0 1 0 
1 0 1 1 
res: 7 3
res: 4
0 1 0 1 
0 0 0 1 
1 0 1 0 
1 1 0 1 
res: 6 3
res: 3
0 1 0 1 
0 0 0 1 
1 0 1 0 
0 1 1 1 
res: 6 4
res: 2
0 1 0 1 
0 0 0 1 
1 0 1 0 
1 1 0 1 
res: 6 3
res: 3
0 1 0 1 
0 0 0 1 
1 0 1 0 
0 1 1 1 
res: 6 4
res: 2
0 1 0 1 
0 0 0 1 
1 0 1 0 
1 0 1 1 
res: 7 3
res: 4
0 1 0 1 
0 0 0 1 
1 0 1 1 
0 0 1 1 
res: 8 6
res: 2
0 1 0 1 
0 0 0 1 
1 0 1 1 
0 1 0 1 
res: 6 5
res: 1
0 1 0 1 
0 0 0 1 
1 0 1 1 
1 0 0 1 
res: 8 5
res: 3
0 1 0 1 
0 0 0 1 
1 0 1 1 
0 1 0 1 
res: 6 5
res: 1
0 1 0 1 
0 0 0 1 
0 0 1 1 
1 0 1 1 
res: 8 6
res: 2
0 1 0 1 
0 0 0 1 
0 0 1 1 
1 1 0 1 
res: 7 5
res: 2
0 1 0 1 
0 0 0 1 
0 0 1 1 
0 1 1 1 
res: 8 7
res: 1
0 1 0 1 
0 0 0 1 
0 0 1 1 
1 1 0 1 
res: 7 5
res: 2
0 1 0 1 
0 0 0 1 
0 0 1 1 
0 1 1 1 
res: 8 7
res: 1
0 1 0 1 
0 0 0 1 
0 0 1 1 
1 0 1 1 
res: 8 6
res: 2
0 1 0 1 
0 0 0 1 
1 0 1 1 
1 0 0 1 
res: 8 5
res: 3
0 1 0 1 
0 0 0 1 
1 0 1 1 
0 0 1 1 
res: 8 6
res: 2
0 1 0 1 
0 0 0 1 
0 0 1 1 
1 1 0 1 
res: 7 5
res: 2
0 1 0 1 
0 0 0 1 
1 0 1 1 
0 1 0 1 
res: 6 5
res: 1
0 1 0 1 
0 0 0 1 
0 0 1 0 
1 1 1 1 
res: 7 5
res: 2
0 1 0 1 
0 0 0 1 
0 0 1 0 
1 1 1 1 
res: 7 5
res: 2
0 1 0 1 
0 0 0 1 
0 0 1 0 
1 1 1 1 
res: 7 5
res: 2
0 1 0 1 
0 0 0 0 
1 0 1 1 
1 0 1 1 
res: 8 4
res: 4
0 1 0 1 
0 0 0 0 
1 0 1 1 
1 1 0 1 
res: 7 3
res: 4
0 1 0 1 
0 0 0 0 
1 0 1 1 
0 1 1 1 
res: 7 5
res: 2
0 1 0 1 
0 0 0 0 
1 0 1 1 
1 1 0 1 
res: 7 3
res: 4
0 1 0 1 
0 0 0 0 
1 0 1 1 
0 1 1 1 
res: 7 5
res: 2
0 1 0 1 
0 0 0 0 
1 0 1 1 
1 0 1 1 
res: 8 4
res: 4
0 1 0 1 
0 0 0 0 
1 0 1 0 
1 1 1 1 
res: 8 6
res: 2
0 1 0 1 
0 0 0 0 
1 0 1 1 
1 1 0 1 
res: 7 3
res: 4
0 1 0 1 
0 0 0 0 
1 0 1 0 
1 1 1 1 
res: 8 6
res: 2
0 1 0 1 
0 0 0 0 
1 0 1 1 
1 0 1 1 
res: 8 4
res: 4
0 1 0 1 
0 0 0 0 
1 0 1 0 
1 1 1 1 
res: 8 6
res: 2
0 1 0 1 
0 0 0 0 
1 0 1 1 
0 1 1 1 
res: 7 5
res: 2
0 1 0 1 
0 0 0 1 
1 0 1 0 
1 1 0 1 
res: 6 3
res: 3
0 1 0 1 
0 0 0 1 
1 0 1 0 
0 1 1 1 
res: 6 4
res: 2
0 1 0 1 
0 0 0 1 
1 0 1 1 
0 1 0 1 
res: 6 5
res: 1
0 1 0 1 
0 0 0 1 
1 0 1 1 
0 1 0 1 
res: 6 5
res: 1
0 1 0 1 
0 0 0 1 
1 0 1 0 
1 0 1 1 
res: 7 3
res: 4
0 1 0 1 
0 0 0 1 
1 0 1 1 
0 0 1 1 
res: 8 6
res: 2
0 1 0 1 
0 0 0 1 
1 0 1 1 
0 0 1 1 
res: 8 6
res: 2
0 1 0 1 
0 0 0 0 
0 0 1 1 
1 1 1 1 
res: 8 6
res: 2
0 1 0 1 
0 0 0 0 
1 0 1 1 
1 1 0 1 
res: 7 3
res: 4
0 1 0 1 
0 0 0 0 
0 0 1 1 
1 1 1 1 
res: 8 6
res: 2
0 1 0 1 
0 0 0 0 
1 0 1 1 
1 0 1 1 
res: 8 4
res: 4
0 1 0 1 
0 0 0 0 
0 0 1 1 
1 1 1 1 
res: 8 6
res: 2
0 1 0 1 
0 0 0 0 
1 0 1 1 
0 1 1 1 
res: 7 5
res: 2
0 1 0 1 
0 0 0 1 
1 0 1 0 
1 1 0 1 
res: 6 3
res: 3
0 1 0 1 
0 0 0 1 
1 0 1 0 
1 0 1 1 
res: 7 3
res: 4
0 1 0 1 
0 0 0 1 
1 0 1 1 
1 0 0 1 
res: 8 5
res: 3
0 1 0 1 
0 0 0 1 
1 0 1 0 
1 1 0 1 
res: 6 3
res: 3
0 1 0 1 
0 0 0 1 
1 0 1 1 
1 0 0 1 
res: 8 5
res: 3
0 1 0 1 
0 0 0 0 
0 0 1 1 
1 1 1 1 
res: 8 6
res: 2
0 1 0 1 
0 0 0 0 
1 0 1 0 
1 1 1 1 
res: 8 6
res: 2
0 1 0 1 
0 0 0 1 
0 0 1 1 
1 1 0 1 
res: 7 5
res: 2
0 1 0 1 
0 0 0 0 
1 0 1 0 
1 1 1 1 
res: 8 6
res: 2
0 1 0 1 
0 0 0 1 
0 0 1 0 
1 1 1 1 
res: 7 5
res: 2
0 1 0 1 
0 0 0 1 
0 0 1 1 
1 1 0 1 
res: 7 5
res: 2
0 1 0 1 
0 0 0 1 
0 0 1 1 
1 0 1 1 
res: 8 6
res: 2
0 1 0 1 
0 0 0 1 
0 0 1 1 
1 0 1 1 
res: 8 6
res: 2
0 1 0 1 
0 0 0 1 
1 0 1 0 
0 1 1 1 
res: 6 4
res: 2
0 1 1 1 
0 0 0 0 
1 0 1 0 
1 0 1 1 
res: 8 3
res: 5
0 1 1 1 
0 0 0 0 
1 0 1 0 
1 1 0 1 
res: 7 3
res: 4
0 1 1 1 
0 0 0 0 
1 0 1 0 
0 1 1 1 
res: 7 4
res: 3
0 1 1 1 
0 0 0 0 
1 0 1 0 
1 1 0 1 
res: 7 3
res: 4
0 1 1 1 
0 0 0 0 
1 0 1 0 
0 1 1 1 
res: 7 4
res: 3
0 1 1 1 
0 0 0 0 
1 0 1 0 
1 0 1 1 
res: 8 3
res: 5
0 1 1 1 
0 0 0 0 
1 0 1 1 
0 0 1 1 
res: 8 4
res: 4
0 1 1 1 
0 0 0 0 
1 0 1 1 
0 1 0 1 
res: 6 3
res: 3
0 1 1 1 
0 0 0 0 
1 0 1 1 
1 0 0 1 
res: 8 3
res: 5
0 1 1 1 
0 0 0 0 
1 0 1 1 
0 1 0 1 
res: 6 3
res: 3
0 1 1 1 
0 0 0 0 
0 0 1 1 
1 0 1 1 
res: 8 4
res: 4
0 1 1 1 
0 0 0 0 
0 0 1 1 
1 1 0 1 
res: 7 3
res: 4
0 1 1 1 
0 0 0 0 
0 0 1 1 
0 1 1 1 
res: 8 5
res: 3
0 1 1 1 
0 0 0 0 
0 0 1 1 
1 1 0 1 
res: 7 3
res: 4
0 1 1 1 
0 0 0 0 
0 0 1 1 
0 1 1 1 
res: 8 5
res: 3
0 1 1 1 
0 0 0 0 
0 0 1 1 
1 0 1 1 
res: 8 4
res: 4
0 1 1 1 
0 0 0 0 
1 0 1 1 
1 0 0 1 
res: 8 3
res: 5
0 1 1 1 
0 0 0 0 
1 0 1 1 
0 0 1 1 
res: 8 4
res: 4
0 1 1 1 
0 0 0 0 
0 0 1 1 
1 1 0 1 
res: 7 3
res: 4
0 1 1 1 
0 0 0 0 
1 0 1 1 
0 1 0 1 
res: 6 3
res: 3
0 1 1 1 
0 0 0 0 
0 0 1 0 
1 1 1 1 
res: 8 5
res: 3
0 1 1 1 
0 0 0 0 
0 0 1 1 
1 1 0 1 
res: 7 3
res: 4
0 1 1 1 
0 0 0 0 
0 0 1 0 
1 1 1 1 
res: 8 5
res: 3
0 1 1 1 
0 0 0 0 
0 0 1 1 
1 0 1 1 
res: 8 4
res: 4
0 1 1 1 
0 0 0 0 
0 0 1 0 
1 1 1 1 
res: 8 5
res: 3
0 1 1 1 
0 0 0 0 
0 0 1 1 
0 1 1 1 
res: 8 5
res: 3
0 1 1 1 
0 0 0 0 
1 0 1 0 
1 1 0 1 
res: 7 3
res: 4
0 1 1 1 
0 0 0 0 
1 0 1 0 
0 1 1 1 
res: 7 4
res: 3
0 1 1 1 
0 0 0 0 
1 0 1 1 
0 1 0 1 
res: 6 3
res: 3
0 1 1 1 
0 0 0 0 
1 0 1 1 
0 1 0 1 
res: 6 3
res: 3
0 1 1 1 
0 0 0 0 
1 0 1 0 
1 0 1 1 
res: 8 3
res: 5
0 1 1 1 
0 0 0 0 
1 0 1 1 
0 0 1 1 
res: 8 4
res: 4
0 1 1 1 
0 0 0 0 
1 0 1 1 
0 0 1 1 
res: 8 4
res: 4
0 1 1 1 
0 0 0 0 
0 0 1 1 
0 1 1 1 
res: 8 5
res: 3
0 1 1 1 
0 0 0 0 
1 0 1 0 
0 1 1 1 
res: 7 4
res: 3
0 1 1 1 
0 0 0 1 
0 0 1 0 
1 0 1 1 
res: 7 4
res: 3
0 1 1 1 
0 0 0 1 
0 0 1 0 
1 1 0 1 
res: 6 4
res: 2
0 1 1 1 
0 0 0 1 
0 0 1 0 
0 1 1 1 
res: 7 4
res: 3
0 1 1 1 
0 0 0 1 
0 0 1 0 
0 1 1 1 
res: 7 4
res: 3
0 1 1 1 
0 0 0 1 
0 0 1 1 
0 0 1 1 
res: 8 8
res: 0
0 1 1 1 
0 0 0 1 
0 0 1 1 
0 1 0 1 
res: 7 7
res: 0
0 1 1 1 
0 0 0 1 
0 0 1 1 
1 0 0 1 
res: 8 7
res: 1
0 1 1 1 
0 0 0 1 
0 0 1 1 
0 1 0 1 
res: 7 7
res: 0
0 1 1 1 
0 0 0 1 
1 0 1 0 
0 0 1 1 
res: 7 4
res: 3
0 1 1 1 
0 0 0 1 
1 0 1 0 
0 1 0 1 
res: 5 4
res: 1
0 1 1 1 
0 0 0 1 
1 0 1 0 
1 0 0 1 
res: 7 4
res: 3
0 1 1 1 
0 0 0 1 
1 0 1 0 
0 1 0 1 
res: 5 4
res: 1
0 1 1 1 
0 0 0 1 
1 0 1 0 
1 0 0 1 
res: 7 4
res: 3
0 1 1 1 
0 0 0 1 
1 0 1 1 
0 0 0 1 
res: 8 7
res: 1
0 1 1 1 
0 0 0 1 
1 0 1 1 
0 0 0 1 
res: 8 7
res: 1
0 1 1 1 
0 0 0 1 
0 0 1 0 
1 0 1 1 
res: 7 4
res: 3
0 1 1 1 
0 0 0 1 
1 0 1 1 
0 0 0 1 
res: 8 7
res: 1
0 1 1 1 
0 0 0 1 
0 0 1 0 
1 1 0 1 
res: 6 4
res: 2
0 1 1 1 
0 0 0 1 
0 0 1 0 
1 1 0 1 
res: 6 4
res: 2
0 1 1 1 
0 0 0 1 
1 0 1 0 
1 0 0 1 
res: 7 4
res: 3
0 1 1 1 
0 0 0 1 
1 0 1 0 
0 1 0 1 
res: 5 4
res: 1
0 1 1 1 
0 0 0 1 
1 0 1 1 
0 0 0 1 
res: 8 7
res: 1
0 1 1 1 
0 0 0 1 
0 0 1 0 
1 1 0 1 
res: 6 4
res: 2
0 1 1 1 
0 0 0 1 
1 0 1 0 
0 1 0 1 
res: 5 4
res: 1
0 1 1 1 
0 0 0 1 
1 0 1 0 
0 1 0 1 
res: 5 4
res: 1
0 1 1 1 
0 0 0 1 
1 0 1 1 
0 0 0 1 
res: 8 7
res: 1
0 1 1 1 
0 0 0 1 
1 0 1 1 
0 0 0 1 
res: 8 7
res: 1
0 1 1 1 
0 0 1 0 
0 0 1 0 
1 0 1 1 
res: 6 7
res: -1
0 1 1 1 
0 0 1 0 
0 0 1 0 
1 1 0 1 
res: 5 5
res: 0
0 1 1 1 
0 0 1 0 
0 0 1 0 
0 1 1 1 
res: 6 8
res: -2
0 1 1 1 
0 0 1 0 
0 0 1 0 
1 1 0 1 
res: 5 5
res: 0
0 1 1 1 
0 0 1 0 
0 0 1 0 
0 1 1 1 
res: 6 8
res: -2
0 1 1 1 
0 0 1 0 
0 0 1 0 
1 0 1 1 
res: 6 7
res: -1
0 1 1 1 
0 0 1 0 
0 0 1 1 
0 0 1 1 
res: 7 8
res: -1
0 1 1 1 
0 0 1 0 
0 0 1 1 
0 1 0 1 
res: 6 7
res: -1
0 1 1 1 
0 0 1 0 
0 0 1 1 
1 0 0 1 
res: 7 7
res: 0
0 1 1 1 
0 0 1 0 
0 0 1 1 
1 0 0 1 
res: 7 7
res: 0
0 1 1 1 
0 0 1 0 
0 0 1 1 
0 0 1 1 
res: 7 8
res: -1
0 1 1 1 
0 0 1 0 
0 0 1 1 
0 1 0 1 
res: 6 7
res: -1
0 1 1 1 
0 0 1 0 
1 0 1 0 
0 0 1 1 
res: 6 7
res: -1
0 1 1 1 
0 0 1 0 
1 0 1 0 
0 1 0 1 
res: 4 5
res: -1
0 1 1 1 
0 0 1 0 
1 0 1 0 
1 0 0 1 
res: 6 5
res: 1
0 1 1 1 
0 0 1 0 
1 0 1 0 
1 0 0 1 
res: 6 5
res: 1
0 1 1 1 
0 0 1 0 
1 0 1 0 
0 0 1 1 
res: 6 7
res: -1
0 1 1 1 
0 0 1 0 
1 0 1 0 
0 1 0 1 
res: 4 5
res: -1
0 1 1 1 
0 0 1 0 
1 0 1 0 
0 1 0 1 
res: 4 5
res: -1
0 1 1 1 
0 0 1 0 
0 0 1 1 
0 1 0 1 
res: 6 7
res: -1
0 1 1 1 
0 0 1 0 
0 0 1 1 
0 0 1 1 
res: 7 8
res: -1
0 1 1 1 
0 0 1 0 
1 0 1 1 
0 0 0 1 
res: 7 7
res: 0
0 1 1 1 
0 0 1 0 
1 0 1 1 
0 0 0 1 
res: 7 7
res: 0
0 1 1 1 
0 0 1 0 
1 0 1 0 
0 0 1 1 
res: 6 7
res: -1
0 1 1 1 
0 0 1 0 
1 0 1 0 
0 1 0 1 
res: 4 5
res: -1
0 1 1 1 
0 0 1 1 
0 0 1 0 
0 0 1 1 
res: 7 8
res: -1
0 1 1 1 
0 0 1 1 
0 0 1 0 
0 1 0 1 
res: 6 6
res: 0
0 1 1 1 
0 0 1 1 
0 0 1 0 
0 1 0 1 
res: 6 6
res: 0
0 1 1 1 
0 0 1 1 
0 0 1 0 
0 0 1 1 
res: 7 8
res: -1
0 1 1 1 
0 0 1 1 
0 0 1 0 
1 0 0 1 
res: 7 6
res: 1
0 1 1 1 
0 0 1 1 
0 0 1 0 
1 0 0 1 
res: 7 6
res: 1
0 1 1 1 
0 0 1 1 
0 0 1 1 
0 0 0 1 
res: 8 8
res: 0
0 1 1 1 
0 0 1 1 
0 0 1 1 
0 0 0 1 
res: 8 8
res: 0
0 1 0 1 
0 0 1 1 
0 0 1 0 
1 1 0 1 
res: 5 4
res: 1
0 1 0 1 
0 0 1 1 
0 0 1 0 
0 1 1 1 
res: 6 7
res: -1
0 1 1 1 
0 0 1 0 
1 0 1 0 
0 1 0 1 
res: 4 5
res: -1
0 1 1 1 
0 0 1 0 
1 0 1 0 
0 0 1 1 
res: 6 7
res: -1
0 1 1 1 
0 0 1 1 
1 0 1 0 
0 0 0 1 
res: 7 6
res: 1
0 1 1 1 
0 0 1 1 
1 0 1 0 
0 0 0 1 
res: 7 6
res: 1
0 1 0 1 
0 0 1 1 
1 0 1 0 
0 1 0 1 
res: 4 4
res: 0
0 1 0 1 
0 0 1 1 
1 0 1 0 
0 1 0 1 
res: 4 4
res: 0
0 1 0 1 
0 0 1 0 
1 0 1 0 
0 1 1 1 
res: 4 5
res: -1
0 1 0 1 
0 0 1 1 
0 0 1 0 
0 1 1 1 
res: 6 7
res: -1
0 1 0 1 
0 0 1 1 
0 0 1 0 
1 0 1 1 
res: 6 6
res: 0
0 1 0 1 
0 0 1 1 
1 0 1 0 
0 0 1 1 
res: 6 6
res: 0
0 1 0 1 
0 0 1 1 
1 0 1 0 
0 0 1 1 
res: 6 6
res: 0
0 1 1 1 
0 0 1 1 
0 0 1 0 
1 0 0 1 
res: 7 6
res: 1
0 1 1 1 
0 0 1 1 
0 0 1 0 
0 0 1 1 
res: 7 8
res: -1
0 1 1 1 
0 0 1 1 
1 0 1 0 
0 0 0 1 
res: 7 6
res: 1
0 1 1 1 
0 0 1 1 
0 0 1 0 
0 0 1 1 
res: 7 8
res: -1
0 1 0 1 
0 0 1 1 
1 0 1 0 
1 0 0 1 
res: 6 4
res: 2
0 1 1 1 
0 0 0 0 
1 0 1 1 
0 1 0 1 
res: 6 3
res: 3
0 1 0 1 
0 0 1 0 
1 0 1 1 
0 1 0 1 
res: 4 4
res: 0
0 1 1 1 
0 0 0 0 
1 0 1 1 
1 0 0 1 
res: 8 3
res: 5
0 1 0 1 
0 0 1 0 
1 0 1 1 
1 0 0 1 
res: 6 4
res: 2
0 1 1 1 
0 0 0 0 
1 0 1 0 
1 1 0 1 
res: 7 3
res: 4
0 1 1 1 
0 0 0 0 
1 0 1 1 
1 0 0 1 
res: 8 3
res: 5


1 0 1 0 
1 1 1 0 
0 0 1 1 
0 0 1 0 
res: 4 8
res: -4
1 0 1 0 
1 1 1 0 
0 0 1 1 
0 0 0 1 
res: 5 8
res: -3
1 0 1 0 
1 1 1 0 
0 0 1 1 
1 0 0 0 
res: 5 7
res: -2
1 0 1 0 
1 1 1 0 
0 0 1 1 
0 0 0 1 
res: 5 8
res: -3
1 0 1 0 
1 1 1 0 
0 0 1 1 
1 0 0 0 
res: 5 7
res: -2
1 0 1 0 
1 1 1 0 
0 0 1 1 
0 0 1 0 
res: 4 8
res: -4
1 0 1 0 
1 1 1 0 
0 0 0 1 
1 0 1 0 
res: 4 5
res: -1
1 0 1 0 
1 1 1 0 
0 0 0 1 
1 0 0 1 
res: 5 5
res: 0
1 0 1 0 
1 1 1 0 
0 0 0 1 
0 0 1 1 
res: 5 5
res: 0
1 0 1 0 
1 1 1 0 
0 0 0 1 
1 0 0 1 
res: 5 5
res: 0
1 0 1 0 
1 1 1 0 
0 0 0 1 
0 0 1 1 
res: 5 5
res: 0
1 0 1 0 
1 1 1 0 
0 1 0 1 
0 0 1 0 
res: 3 6
res: -3
1 0 1 0 
1 1 1 0 
0 1 0 1 
0 0 0 1 
res: 5 6
res: -1
1 0 1 0 
1 1 1 0 
0 1 0 1 
1 0 0 0 
res: 4 6
res: -2
1 0 1 0 
1 1 1 0 
0 1 0 1 
0 0 0 1 
res: 5 6
res: -1
1 0 1 0 
1 1 1 0 
0 1 0 1 
1 0 0 0 
res: 4 6
res: -2
1 0 1 0 
1 1 1 0 
0 1 1 1 
0 0 0 0 
res: 5 8
res: -3
1 0 1 0 
1 1 1 0 
0 1 1 1 
0 0 0 0 
res: 5 8
res: -3
1 0 1 0 
1 1 1 0 
0 1 1 1 
0 0 0 0 
res: 5 8
res: -3
1 0 1 0 
1 1 1 0 
0 1 0 1 
0 0 1 0 
res: 3 6
res: -3
1 0 1 0 
1 0 1 0 
0 1 1 1 
0 0 1 0 
res: 3 6
res: -3
1 0 1 0 
1 0 1 0 
0 1 1 1 
0 0 0 1 
res: 4 6
res: -2
1 0 1 0 
1 0 1 0 
0 1 1 1 
1 0 0 0 
res: 3 5
res: -2
1 0 1 0 
1 0 1 0 
0 1 1 1 
0 0 0 1 
res: 4 6
res: -2
1 0 1 0 
1 0 1 0 
0 1 1 1 
1 0 0 0 
res: 3 5
res: -2
1 0 1 0 
1 0 1 0 
0 1 0 1 
1 0 1 0 
res: 2 2
res: 0
1 0 1 0 
1 0 1 0 
0 1 0 1 
1 0 0 1 
res: 3 2
res: 1
1 0 1 0 
1 0 1 0 
0 1 0 1 
0 0 1 1 
res: 3 3
res: 0
1 0 1 0 
1 0 1 0 
0 1 0 1 
1 0 0 1 
res: 3 2
res: 1
1 0 1 0 
1 0 1 0 
0 1 0 1 
0 0 1 1 
res: 3 3
res: 0
1 0 1 0 
1 0 1 0 
0 0 1 1 
1 0 1 0 
res: 5 5
res: 0
1 0 1 0 
1 0 1 0 
0 0 1 1 
1 0 0 1 
res: 6 5
res: 1
1 0 1 0 
1 0 1 0 
0 0 1 1 
0 0 1 1 
res: 6 6
res: 0
1 0 1 0 
1 0 1 0 
0 0 1 1 
1 0 0 1 
res: 6 5
res: 1
1 0 1 0 
1 0 1 0 
0 0 1 1 
0 0 1 1 
res: 6 6
res: 0
1 0 1 0 
1 0 1 0 
0 0 0 1 
1 0 1 1 
res: 6 3
res: 3
1 0 1 0 
1 0 1 0 
0 0 0 1 
1 0 1 1 
res: 6 3
res: 3
1 0 1 0 
1 0 1 0 
0 1 1 1 
0 0 1 0 
res: 3 6
res: -3
1 0 1 0 
1 0 1 0 
0 0 0 1 
1 0 1 1 
res: 6 3
res: 3
1 0 1 0 
1 0 1 0 
0 1 1 1 
0 0 0 1 
res: 4 6
res: -2
1 0 1 0 
1 0 1 0 
0 1 1 1 
0 0 0 1 
res: 4 6
res: -2
1 1 1 0 
1 0 1 0 
0 0 1 1 
0 0 1 0 
res: 5 8
res: -3
1 1 1 0 
1 0 1 0 
0 0 1 1 
0 0 0 1 
res: 6 8
res: -2
1 1 1 0 
1 0 1 0 
0 0 1 1 
1 0 0 0 
res: 6 7
res: -1
1 1 1 0 
1 0 1 0 
0 0 1 1 
0 0 0 1 
res: 6 8
res: -2
1 1 1 0 
1 0 1 0 
0 0 1 1 
1 0 0 0 
res: 6 7
res: -1
1 1 1 0 
1 0 1 0 
0 0 1 1 
0 0 1 0 
res: 5 8
res: -3
1 1 1 0 
1 0 1 0 
0 0 0 1 
1 0 1 0 
res: 5 5
res: 0
1 1 1 0 
1 0 1 0 
0 0 0 1 
1 0 0 1 
res: 6 5
res: 1
1 1 1 0 
1 0 1 0 
0 0 0 1 
0 0 1 1 
res: 6 5
res: 1
1 1 1 0 
1 0 1 0 
0 0 0 1 
1 0 0 1 
res: 6 5
res: 1
1 1 1 0 
1 0 1 0 
0 0 0 1 
0 0 1 1 
res: 6 5
res: 1
1 1 1 0 
1 0 1 0 
0 1 0 1 
0 0 1 0 
res: 3 5
res: -2
1 1 1 0 
1 0 1 0 
0 1 0 1 
0 0 0 1 
res: 5 5
res: 0
1 1 1 0 
1 0 1 0 
0 1 0 1 
1 0 0 0 
res: 4 5
res: -1
1 1 1 0 
1 0 1 0 
0 1 0 1 
0 0 0 1 
res: 5 5
res: 0
1 1 1 0 
1 0 1 0 
0 1 0 1 
1 0 0 0 
res: 4 5
res: -1
1 1 1 0 
1 0 1 0 
0 1 1 1 
0 0 0 0 
res: 5 8
res: -3
1 1 1 0 
1 0 1 0 
0 1 1 1 
0 0 0 0 
res: 5 8
res: -3
1 1 1 0 
1 0 1 0 
0 1 1 1 
0 0 0 0 
res: 5 8
res: -3
1 1 1 0 
1 0 1 0 
0 1 0 1 
0 0 1 0 
res: 3 5
res: -2
1 1 1 0 
1 1 1 0 
0 0 0 1 
0 0 1 0 
res: 5 6
res: -1
1 1 1 0 
1 1 1 0 
0 0 0 1 
0 0 0 1 
res: 6 6
res: 0
1 1 1 0 
1 1 1 0 
0 0 0 1 
1 0 0 0 
res: 6 6
res: 0
1 1 1 0 
1 1 1 0 
0 0 0 1 
0 0 0 1 
res: 6 6
res: 0
1 1 1 0 
1 1 1 0 
0 0 0 1 
1 0 0 0 
res: 6 6
res: 0
1 1 1 0 
1 1 1 0 
0 0 1 1 
0 0 0 0 
res: 6 8
res: -2
1 1 1 0 
1 1 1 0 
0 0 1 1 
0 0 0 0 
res: 6 8
res: -2
1 1 1 0 
1 1 1 0 
0 0 1 1 
0 0 0 0 
res: 6 8
res: -2
1 1 1 0 
1 1 1 0 
0 0 0 1 
0 0 1 0 
res: 5 6
res: -1
1 0 1 0 
1 1 1 0 
0 0 0 1 
1 0 0 1 
res: 5 5
res: 0
1 0 1 0 
1 1 1 0 
0 0 1 1 
0 0 0 1 
res: 5 8
res: -3
1 0 1 0 
1 1 1 0 
0 0 1 1 
1 0 0 0 
res: 5 7
res: -2
1 1 1 0 
1 0 1 0 
0 0 1 1 
0 0 0 1 
res: 6 8
res: -2
1 1 1 0 
1 0 1 0 
0 0 1 1 
0 0 1 0 
res: 5 8
res: -3
1 1 1 0 
1 0 1 0 
0 0 1 1 
1 0 0 0 
res: 6 7
res: -1
1 1 1 0 
1 1 1 0 
0 1 0 1 
0 0 0 0 
res: 6 7
res: -1
1 1 1 0 
1 1 1 0 
0 1 0 1 
0 0 0 0 
res: 6 7
res: -1
1 1 1 0 
1 1 1 0 
0 1 0 1 
0 0 0 0 
res: 6 7
res: -1
1 0 1 0 
1 1 1 0 
0 1 0 1 
0 0 0 1 
res: 5 6
res: -1
1 0 1 0 
1 0 1 0 
0 0 0 1 
1 0 1 1 
res: 6 3
res: 3
1 0 1 0 
1 0 1 0 
0 0 0 1 
1 0 1 1 
res: 6 3
res: 3
1 0 1 0 
1 0 1 0 
0 0 0 1 
1 0 1 1 
res: 6 3
res: 3
1 0 1 0 
1 1 1 0 
0 1 0 1 
0 0 0 1 
res: 5 6
res: -1
1 0 1 0 
1 1 1 0 
0 1 0 1 
0 0 0 1 
res: 5 6
res: -1
1 1 1 0 
1 0 1 0 
0 0 0 1 
0 0 1 1 
res: 6 5
res: 1
1 1 1 0 
1 0 1 0 
0 0 1 1 
0 0 0 1 
res: 6 8
res: -2
1 1 1 0 
1 0 1 0 
0 0 0 1 
0 0 1 1 
res: 6 5
res: 1
1 1 1 0 
1 0 1 0 
0 0 0 1 
0 0 1 1 
res: 6 5
res: 1
1 1 1 0 
1 0 1 0 
0 1 0 1 
0 0 0 1 
res: 5 5
res: 0
1 1 1 0 
1 0 1 0 
0 0 0 1 
0 0 1 1 
res: 6 5
res: 1
1 1 1 0 
1 0 1 0 
0 1 0 1 
0 0 0 1 
res: 5 5
res: 0
1 1 1 0 
1 0 1 0 
0 0 0 1 
0 0 1 1 
res: 6 5
res: 1
1 1 1 0 
1 1 1 0 
0 0 0 1 
0 0 0 1 
res: 6 6
res: 0
1 1 1 0 
1 1 1 0 
0 0 0 1 
0 0 0 1 
res: 6 6
res: 0
1 1 1 0 
1 1 1 0 
0 1 0 1 
0 0 0 0 
res: 6 7
res: -1
1 1 1 0 
1 1 1 0 
0 0 0 1 
0 0 1 0 
res: 5 6
res: -1
1 1 1 0 
1 1 1 0 
0 0 0 1 
0 0 1 0 
res: 5 6
res: -1
1 1 1 0 
1 0 1 0 
0 0 0 1 
1 0 0 1 
res: 6 5
res: 1
1 1 1 0 
1 0 1 0 
0 0 0 1 
1 0 0 1 
res: 6 5
res: 1
1 1 1 0 
1 0 1 0 
0 0 0 1 
1 0 0 1 
res: 6 5
res: 1
1 1 1 0 
1 0 1 0 
0 1 0 1 
0 0 0 1 
res: 5 5
res: 0
1 1 1 0 
1 0 1 0 
0 0 0 1 
1 0 0 1 
res: 6 5
res: 1
1 1 1 0 
1 1 1 0 
0 0 0 1 
1 0 0 0 
res: 6 6
res: 0
1 1 1 0 
1 1 1 0 
0 0 0 1 
1 0 0 0 
res: 6 6
res: 0
1 1 1 0 
1 0 1 0 
0 0 0 1 
1 0 1 0 
res: 5 5
res: 0
1 1 1 0 
1 0 1 0 
0 0 0 1 
1 0 1 0 
res: 5 5
res: 0
1 1 1 0 
1 0 1 0 
0 0 0 1 
1 0 1 0 
res: 5 5
res: 0
1 1 1 0 
1 0 1 0 
0 1 0 1 
0 0 1 0 
res: 3 5
res: -2
1 1 1 0 
1 0 1 0 
0 1 0 1 
1 0 0 0 
res: 4 5
res: -1
1 1 1 0 
1 0 1 0 
0 0 0 1 
1 0 1 0 
res: 5 5
res: 0
1 1 1 0 
1 0 1 0 
0 0 0 1 
1 0 1 0 
res: 5 5
res: 0


